,SA2 code,SA2 name,2010,2011,2012,2013,2014,2015
0,201011001,Alfredton,49967.0,51670.0,52993.0,54625.0,56374.0,57747.0
1,201011002,Ballarat,57063.0,61177.0,63669.0,65507.0,67217.0,72754.0
2,201011005,Buninyong,51017.0,53538.0,55675.0,56765.0,58011.0,58292.0
3,201011006,Delacombe,40802.0,43298.0,45581.0,46312.0,48356.0,49260.0
4,201011007,Smythes Creek,44262.0,45270.0,47339.0,49268.0,50299.0,52010.0
5,201011008,Wendouree - Miners Rest,39939.0,41696.0,43593.0,44267.0,45558.0,47310.0
6,201021009,Bacchus Marsh Surrounds,47061.0,50218.0,51399.0,52574.0,54168.0,55485.0
7,201021010,Creswick - Clunes,40476.0,43597.0,44973.0,45298.0,45965.0,48087.0
8,201021011,Daylesford,41096.0,42418.0,43007.0,44634.0,45981.0,46610.0
9,201021012,Gordon (Vic.),44957.0,45825.0,48620.0,49888.0,52710.0,54516.0
10,201031013,Avoca,32721.0,33238.0,34430.0,36570.0,39755.0,39128.0
11,201031014,Beaufort,36015.0,37839.0,37320.0,39510.0,41927.0,48944.0
12,201031015,Golden Plains - North,39489.0,41814.0,43143.0,43803.0,45756.0,46709.0
13,201031016,Maryborough (Vic.),36414.0,38101.0,39191.0,39450.0,40456.0,40883.0
14,201031017,Maryborough Surrounds,33132.0,35649.0,36984.0,38189.0,38491.0,38558.0
15,202011018,Bendigo,44658.0,48021.0,49764.0,50960.0,52505.0,54347.0
16,202011019,California Gully - Eaglehawk,37866.0,40336.0,41954.0,42756.0,43641.0,44850.0
17,202011020,East Bendigo - Kennington,47145.0,48835.0,51149.0,52387.0,54023.0,54515.0
18,202011021,Flora Hill - Spring Gully,44607.0,47467.0,49304.0,49064.0,51326.0,52722.0
19,202011022,Kangaroo Flat - Golden Square,39900.0,41968.0,43556.0,44458.0,46420.0,47181.0
20,202011023,Maiden Gully,46813.0,49457.0,51118.0,52207.0,54248.0,55423.0
21,202011024,Strathfieldsaye,51630.0,54394.0,57426.0,59180.0,61396.0,61390.0
22,202011025,White Hills - Ascot,43379.0,45791.0,47664.0,48548.0,50258.0,50746.0
23,202021026,Bendigo Surrounds - South,47006.0,48891.0,49889.0,52418.0,54184.0,55570.0
24,202021027,Castlemaine,40507.0,42126.0,43743.0,44849.0,45496.0,46478.0
25,202021028,Castlemaine Surrounds,39474.0,41137.0,42789.0,41706.0,43825.0,45274.0
26,202021029,Heathcote,37132.0,39319.0,40284.0,43281.0,44158.0,45047.0
27,202021030,Kyneton,46185.0,47268.0,48726.0,51634.0,51692.0,53300.0
28,202021031,Woodend,56196.0,57842.0,60277.0,60928.0,63361.0,66263.0
29,202031032,Bendigo Surrounds - North,40426.0,42158.0,44589.0,46148.0,49373.0,47205.0
30,202031033,Loddon,33691.0,35570.0,39514.0,40013.0,40470.0,37386.0
31,203011034,Bannockburn,49296.0,52564.0,53210.0,55113.0,55921.0,57412.0
32,203011035,Golden Plains - South,43416.0,46344.0,47437.0,49454.0,50917.0,52873.0
33,203011036,Winchelsea,46830.0,48483.0,49429.0,48701.0,51989.0,52879.0
34,203021037,Belmont,44663.0,46221.0,48340.0,49792.0,49872.0,50759.0
35,203021039,Geelong,53269.0,55308.0,56807.0,58455.0,61519.0,61780.0
36,203021040,Geelong West - Hamlyn Heights,48254.0,51040.0,53671.0,54610.0,56556.0,58308.0
37,203021042,Highton,61312.0,57021.0,59167.0,59660.0,62643.0,63056.0
38,203021043,Lara,50714.0,53609.0,55388.0,55624.0,56586.0,57985.0
39,203021044,Leopold,45652.0,48272.0,49507.0,51019.0,52249.0,51721.0
40,203021045,Newcomb - Moolap,40704.0,42384.0,43982.0,44950.0,45101.0,46082.0
41,203021046,Newtown (Vic.),65621.0,69703.0,69854.0,73628.0,76709.0,77266.0
42,203021047,North Geelong - Bell Park,45835.0,47804.0,48746.0,50618.0,52090.0,53699.0
43,203031048,Clifton Springs,43973.0,46171.0,47491.0,49036.0,49945.0,51334.0
44,203031049,Lorne - Anglesea,42977.0,45995.0,46380.0,48628.0,49990.0,51308.0
45,203031051,Portarlington,40318.0,41979.0,44031.0,45238.0,47862.0,47632.0
46,203031052,Point Lonsdale - Queenscliff,49921.0,53193.0,55084.0,57043.0,56436.0,57128.0
47,203031053,Torquay,53894.0,56781.0,57901.0,61020.0,63363.0,64149.0
48,204011054,Alexandra,38660.0,38781.0,38557.0,39171.0,41922.0,44044.0
49,204011055,Euroa,36325.0,37901.0,38598.0,40612.0,42047.0,41192.0
50,204011056,Kilmore - Broadford,46273.0,48076.0,50285.0,50762.0,52538.0,53586.0
51,204011057,Mansfield (Vic.),38055.0,39051.0,39684.0,40695.0,42809.0,44328.0
52,204011058,Nagambie,40262.0,42017.0,43060.0,44905.0,47006.0,48331.0
53,204011059,Seymour,41911.0,43619.0,44543.0,45874.0,45849.0,47073.0
54,204011060,Seymour Surrounds,46713.0,52530.0,49786.0,52533.0,53614.0,51078.0
55,204011061,Upper Yarra Valley,32187.0,34209.0,35060.0,36649.0,37733.0,40418.0
56,204011062,Yea,38424.0,40221.0,40928.0,41724.0,44052.0,44684.0
57,204021063,Benalla,40730.0,41734.0,43334.0,44302.0,45087.0,46545.0
58,204021064,Benalla Surrounds,36029.0,38082.0,38811.0,41059.0,41925.0,42566.0
59,204021065,Rutherglen,43245.0,43670.0,45759.0,48054.0,50096.0,50197.0
60,204021066,Wangaratta,41431.0,43536.0,45614.0,47226.0,48519.0,49352.0
61,204021067,Wangaratta Surrounds,38225.0,40225.0,41188.0,44686.0,46680.0,46567.0
62,204031068,Beechworth,42766.0,43344.0,43885.0,46172.0,48342.0,49679.0
63,204031069,Bright - Mount Beauty,36289.0,38178.0,39083.0,41666.0,43101.0,43429.0
64,204031070,Chiltern - Indigo Valley,44630.0,45175.0,46104.0,47467.0,49668.0,49832.0
65,204031071,Myrtleford,38090.0,39138.0,40908.0,42256.0,44530.0,44838.0
66,204031072,Towong,40644.0,42750.0,41416.0,44243.0,46558.0,48292.0
67,204031073,West Wodonga,45951.0,46606.0,48194.0,50906.0,52505.0,53465.0
68,204031075,Yackandandah,46258.0,48253.0,48787.0,50222.0,52287.0,52727.0
69,205011076,Drouin,41781.0,43397.0,43959.0,45975.0,47272.0,48051.0
70,205011077,Mount Baw Baw Region,44176.0,45464.0,45050.0,49289.0,50250.0,50019.0
71,205011078,Trafalgar (Vic.),47204.0,49429.0,49663.0,52033.0,53577.0,53125.0
72,205011079,Warragul,46449.0,48585.0,49059.0,50933.0,52661.0,53105.0
73,205021081,Bairnsdale,41383.0,43072.0,44563.0,45576.0,47291.0,47799.0
74,205021082,Bruthen - Omeo,36463.0,38459.0,40142.0,41359.0,43572.0,43560.0
75,205021084,Lakes Entrance,38704.0,39567.0,40582.0,42802.0,43031.0,43737.0
76,205021085,Orbost,37399.0,38380.0,38720.0,41697.0,42653.0,42313.0
77,205021086,Paynesville,37928.0,39731.0,41478.0,42348.0,42954.0,43640.0
78,205031087,Foster,39151.0,39660.0,37098.0,42784.0,44116.0,45396.0
79,205031088,French Island,26091.0,25761.0,22575.0,20473.0,22726.0,32979.0
80,205031089,Korumburra,41104.0,42395.0,41076.0,44788.0,45565.0,45760.0
81,205031090,Leongatha,43200.0,44547.0,43732.0,47549.0,48935.0,48679.0
82,205031091,Phillip Island,39488.0,41203.0,40773.0,41917.0,42839.0,44175.0
83,205031093,Wonthaggi - Inverloch,41558.0,42933.0,40933.0,42411.0,44644.0,44740.0
84,205041094,Churchill,50859.0,52920.0,54495.0,56746.0,58823.0,59033.0
85,205041095,Moe - Newborough,46590.0,48380.0,50006.0,51882.0,52751.0,54157.0
86,205041096,Morwell,44134.0,45699.0,47128.0,48380.0,50347.0,50309.0
87,205041098,Yallourn North - Glengarry,53284.0,55251.0,58339.0,60210.0,62368.0,62311.0
88,205051099,Alps - West,28239.0,21836.0,18343.0,29169.0,26421.0,21788.0
89,205051100,Longford - Loch Sport,46122.0,48516.0,50421.0,54142.0,57032.0,53852.0
90,205051101,Maffra,44224.0,47039.0,47223.0,49793.0,52160.0,51220.0
91,205051102,Rosedale,44836.0,47644.0,44057.0,49586.0,52819.0,50816.0
92,205051103,Sale,50131.0,53076.0,55468.0,57487.0,59059.0,59544.0
93,205051104,Yarram,40271.0,43052.0,43208.0,55079.0,54112.0,45827.0
94,206011106,Brunswick East,55119.0,56729.0,58966.0,58886.0,61348.0,62429.0
95,206011107,Brunswick West,52931.0,54723.0,56811.0,58040.0,60111.0,62038.0
96,206011109,Pascoe Vale South,52991.0,56047.0,58224.0,59553.0,62311.0,64988.0
97,206021110,Alphington - Fairfield,63409.0,69140.0,68272.0,70623.0,72015.0,75345.0
98,206021112,Thornbury,53212.0,56189.0,57675.0,60048.0,60951.0,63037.0
99,206031113,Ascot Vale,61537.0,64141.0,66592.0,70171.0,71349.0,74690.0
100,206031115,Flemington,53202.0,56232.0,57459.0,58532.0,60336.0,60826.0
101,206031116,Moonee Ponds,65275.0,68691.0,71215.0,72264.0,74951.0,77508.0
102,206041117,Carlton,50158.0,52772.0,55741.0,58137.0,57510.0,57023.0
103,206041118,Docklands,69732.0,73182.0,71884.0,72349.0,72972.0,74153.0
104,206041119,East Melbourne,105396.0,107768.0,104960.0,116888.0,114762.0,122960.0
105,206041120,Flemington Racecourse,55712.0,62218.0,71078.0,73763.0,79307.0,74294.0
106,206041121,Kensington (Vic.),63012.0,65024.0,67157.0,67891.0,69149.0,71707.0
107,206041124,Parkville,64303.0,63964.0,69002.0,66053.0,67371.0,69759.0
108,206041125,South Yarra - West,109471.0,102855.0,106727.0,127605.0,122899.0,125079.0
109,206051128,Albert Park,101191.0,105550.0,107915.0,112261.0,111338.0,115049.0
110,206051129,Elwood,74196.0,77845.0,78251.0,81065.0,82347.0,85843.0
111,206051130,Port Melbourne,85293.0,87824.0,93019.0,95573.0,97221.0,97667.0
112,206051134,St Kilda East,56503.0,59557.0,60990.0,62108.0,64847.0,66049.0
113,206061135,Armadale,92214.0,95768.0,99631.0,106695.0,109684.0,113429.0
114,206061136,Prahran - Windsor,68847.0,69781.0,72231.0,72739.0,76455.0,73899.0
115,206061138,Toorak,149052.0,148362.0,146406.0,161878.0,164156.0,168104.0
116,206071139,Abbotsford,59621.0,63043.0,65938.0,63884.0,65878.0,69588.0
117,206071140,Carlton North - Princes Hill,67919.0,71065.0,73098.0,76703.0,80015.0,79372.0
118,206071141,Collingwood,57944.0,61109.0,62028.0,64475.0,64144.0,67310.0
119,206071142,Fitzroy,62772.0,66487.0,70405.0,72296.0,72607.0,76425.0
120,206071143,Fitzroy North,67362.0,71647.0,73041.0,76502.0,78388.0,80634.0
121,206071145,Clifton Hill - Alphington,74313.0,76471.0,79710.0,80797.0,83429.0,85217.0
122,207011146,Ashburton (Vic.),67845.0,72098.0,76336.0,81790.0,83774.0,87828.0
123,207011147,Balwyn,77115.0,81028.0,82777.0,87150.0,87289.0,86646.0
124,207011148,Balwyn North,67979.0,69737.0,71711.0,72756.0,75666.0,76077.0
125,207011149,Camberwell,85242.0,87150.0,90295.0,94918.0,97213.0,96748.0
126,207011150,Glen Iris - East,80271.0,84499.0,87597.0,90923.0,92364.0,95526.0
127,207011152,Hawthorn East,82058.0,85026.0,89435.0,90165.0,92283.0,94956.0
128,207011154,Kew East,71894.0,74386.0,76520.0,82586.0,83706.0,84910.0
129,207011155,Surrey Hills (West) - Canterbury,91519.0,98718.0,96629.0,105272.0,105527.0,111065.0
130,207021156,Bulleen,53339.0,55099.0,57460.0,58040.0,61456.0,62589.0
131,207021157,Doncaster,50406.0,51572.0,52619.0,53499.0,55545.0,57895.0
132,207021159,Templestowe,66783.0,69905.0,71111.0,72672.0,73443.0,73686.0
133,207021160,Templestowe Lower,51892.0,53977.0,56291.0,57906.0,59467.0,61035.0
134,207021424,Doncaster East - North,52263.0,54486.0,56065.0,57347.0,57142.0,58439.0
135,207021425,Doncaster East - South,46149.0,48800.0,50623.0,51526.0,52554.0,54297.0
136,207031161,Blackburn,55687.0,58672.0,60949.0,62466.0,63711.0,65382.0
137,207031162,Blackburn South,50743.0,53310.0,56287.0,57535.0,59152.0,60600.0
138,207031163,Box Hill,50170.0,52535.0,54283.0,55332.0,55951.0,56502.0
139,207031164,Box Hill North,53736.0,56240.0,57688.0,59763.0,61082.0,62143.0
140,207031165,Burwood (Vic.),49034.0,50544.0,52698.0,53421.0,53726.0,53645.0
141,207031166,Burwood East,44338.0,46745.0,49250.0,49256.0,50618.0,51931.0
142,207031167,Surrey Hills (East) - Mont Albert,76486.0,75737.0,78736.0,82193.0,83760.0,84284.0
143,208011168,Beaumaris,74735.0,77676.0,80358.0,84379.0,87199.0,89193.0
144,208011169,Brighton (Vic.),113694.0,116749.0,118592.0,126031.0,126939.0,128527.0
145,208011170,Brighton East,75248.0,80894.0,82818.0,85995.0,90497.0,92593.0
146,208011171,Highett (West) - Cheltenham,57901.0,60771.0,63763.0,66158.0,67765.0,70478.0
147,208011172,Hampton,79817.0,81481.0,84517.0,88632.0,91060.0,94258.0
148,208011173,Sandringham - Black Rock,82277.0,84671.0,87245.0,90711.0,91972.0,93302.0
149,208021174,Bentleigh - McKinnon,59589.0,61828.0,66383.0,68627.0,69346.0,70899.0
150,208021176,Carnegie,54260.0,56431.0,59517.0,61256.0,62798.0,64244.0
151,208021177,Caulfield - North,74208.0,79252.0,81708.0,86392.0,89898.0,90900.0
152,208021178,Caulfield - South,67414.0,69808.0,71423.0,74687.0,75945.0,79822.0
153,208021179,Elsternwick,71716.0,75791.0,77546.0,83299.0,84113.0,85428.0
154,208021180,Hughesdale,52157.0,55469.0,56837.0,59027.0,61188.0,63361.0
155,208021181,Murrumbeena,56234.0,59056.0,61585.0,62636.0,64524.0,66211.0
156,208021182,Ormond - Glen Huntly,53317.0,57070.0,58519.0,60836.0,63522.0,65292.0
157,208021426,Bentleigh East - North,52751.0,55284.0,59215.0,60662.0,62906.0,65214.0
158,208021427,Bentleigh East - South,51873.0,54409.0,57467.0,58427.0,60365.0,62651.0
159,208031183,Aspendale Gardens - Waterways,51968.0,55078.0,57510.0,59481.0,60693.0,61470.0
160,208031184,Braeside,79658.0,75205.0,85136.0,79921.0,89884.0,75365.0
161,208031185,Carrum - Patterson Lakes,58059.0,59292.0,60892.0,60312.0,63178.0,64371.0
162,208031186,Chelsea - Bonbeach,49784.0,51686.0,53625.0,54938.0,57138.0,59615.0
163,208031187,Chelsea Heights,46104.0,47880.0,50700.0,52422.0,53030.0,55104.0
164,208031188,Highett (East) - Cheltenham,49734.0,51900.0,54121.0,56079.0,57620.0,59713.0
165,208031189,Edithvale - Aspendale,54433.0,56328.0,58121.0,61504.0,63263.0,65331.0
166,208031190,Mentone,55353.0,57505.0,59735.0,61707.0,63452.0,65598.0
167,208031191,Moorabbin - Heatherton,52906.0,54596.0,56218.0,57775.0,59224.0,61236.0
168,208031193,Mordialloc - Parkdale,56333.0,58286.0,61092.0,63310.0,65706.0,68029.0
169,208041194,Malvern - Glen Iris,92796.0,96937.0,98413.0,104655.0,107213.0,110207.0
170,208041195,Malvern East,81621.0,82678.0,86103.0,88953.0,92445.0,92240.0
171,209011196,Bundoora - East,45570.0,47332.0,48925.0,50038.0,50596.0,52573.0
172,209011197,Greensborough,52354.0,54124.0,55862.0,57505.0,59493.0,61861.0
173,209011198,Heidelberg - Rosanna,56197.0,58573.0,60831.0,62707.0,64512.0,65733.0
174,209011199,Heidelberg West,44118.0,46532.0,48158.0,49242.0,50688.0,52693.0
175,209011200,Ivanhoe,70765.0,70792.0,74458.0,75535.0,81418.0,81344.0
176,209011201,Ivanhoe East - Eaglemont,85855.0,88559.0,89719.0,94634.0,99064.0,101104.0
177,209011202,Montmorency - Briar Hill,56240.0,59762.0,61082.0,61855.0,64249.0,64583.0
178,209011203,Viewbank - Yallambie,51784.0,54837.0,56794.0,57897.0,59526.0,61468.0
179,209011204,Watsonia,48852.0,51748.0,53839.0,55158.0,57137.0,58456.0
180,209021205,Kingsbury,51358.0,52646.0,54756.0,55228.0,56239.0,57615.0
181,209021428,Preston - East,45002.0,47278.0,50138.0,51002.0,52455.0,53737.0
182,209021429,Preston - West,48995.0,50478.0,53017.0,54285.0,57363.0,59436.0
183,209031209,Eltham,59965.0,62005.0,63799.0,64881.0,66670.0,69362.0
184,209031210,Hurstbridge,49756.0,54560.0,54558.0,56326.0,55951.0,58656.0
185,209031211,Kinglake,44082.0,46711.0,50102.0,49775.0,50928.0,52004.0
186,209031212,Panton Hill - St Andrews,55917.0,58735.0,64101.0,63187.0,62117.0,63572.0
187,209031213,Plenty - Yarrambat,60524.0,63832.0,66138.0,68118.0,70182.0,71079.0
188,209031214,Research - North Warrandyte,70666.0,71342.0,71791.0,72134.0,74566.0,77915.0
189,209031215,Wattle Glen - Diamond Creek,55023.0,57287.0,60084.0,61040.0,62274.0,64015.0
190,209041216,Bundoora - North,48433.0,49375.0,52498.0,53203.0,53482.0,54954.0
191,209041217,Bundoora - West,43386.0,44172.0,45775.0,46029.0,47075.0,48083.0
192,209041220,Mill Park - North,45956.0,47237.0,49353.0,50157.0,51817.0,53222.0
193,209041221,Mill Park - South,44681.0,45925.0,47892.0,48882.0,49783.0,51092.0
194,209041223,Thomastown,38937.0,40702.0,42459.0,42620.0,43347.0,44276.0
195,209041224,Wallan,47572.0,50215.0,52144.0,52715.0,54500.0,56066.0
196,209041225,Whittlesea,49126.0,51324.0,52045.0,52943.0,54708.0,55654.0
197,209041431,Epping - East,44124.0,45072.0,46504.0,47007.0,47255.0,49193.0
198,209041432,Epping - South,41459.0,42856.0,44866.0,44230.0,45610.0,46802.0
199,209041433,Epping (Vic.) - West,47416.0,49049.0,50051.0,50331.0,51416.0,52061.0
200,209041435,South Morang - North,50443.0,51844.0,53554.0,54316.0,56092.0,57949.0
201,209041436,South Morang - South,46762.0,48801.0,50840.0,51653.0,52378.0,53625.0
202,209041437,Wollert,61053.0,51429.0,52515.0,52564.0,52166.0,52280.0
203,210011226,Airport West,48357.0,50527.0,52510.0,55197.0,56238.0,58809.0
204,210011228,Keilor,54735.0,56480.0,58509.0,60503.0,61573.0,63481.0
205,210011230,Niddrie - Essendon West,54598.0,57441.0,60293.0,62172.0,63812.0,66537.0
206,210011231,Strathmore,61172.0,63796.0,66347.0,68570.0,70354.0,74103.0
207,210021232,Gisborne,55742.0,59012.0,59480.0,61950.0,63791.0,66530.0
208,210021233,Macedon,65433.0,66825.0,68389.0,74070.0,76908.0,75926.0
209,210021234,Riddells Creek,51881.0,53878.0,55471.0,57388.0,60122.0,61048.0
210,210021235,Romsey,49420.0,52334.0,54008.0,56307.0,57397.0,58012.0
211,210031236,Coburg North,45005.0,47111.0,49785.0,51114.0,53727.0,55706.0
212,210031237,Fawkner,39767.0,41445.0,43156.0,44046.0,44824.0,46888.0
213,210031439,Gowanbrae,54684.0,56918.0,60896.0,61071.0,62148.0,63903.0
214,210031440,Hadfield,42696.0,44188.0,45782.0,46872.0,47418.0,50759.0
215,210041240,Sunbury,51675.0,53330.0,55429.0,56560.0,57628.0,59327.0
216,210051242,Broadmeadows,35336.0,36815.0,38096.0,39141.0,39139.0,39778.0
217,210051243,Campbellfield - Coolaroo,35844.0,37648.0,38406.0,39456.0,39539.0,40884.0
218,210051245,Gladstone Park - Westmeadows,45742.0,47943.0,49342.0,50380.0,51625.0,52529.0
219,210051246,Greenvale - Bulla,51923.0,54218.0,56746.0,57732.0,58807.0,59687.0
220,210051247,Meadow Heights,36125.0,37558.0,38745.0,38364.0,38787.0,40621.0
221,210051248,Melbourne Airport,34458.0,43278.0,44194.0,63443.0,60286.0,54253.0
222,210051250,Tullamarine,45258.0,47699.0,48539.0,48879.0,50120.0,52443.0
223,210051441,Craigieburn - Central,44112.0,44836.0,46241.0,46560.0,47029.0,48782.0
224,210051442,Craigieburn - North,48439.0,49467.0,51081.0,51873.0,52116.0,52999.0
225,210051443,Craigieburn - South,43871.0,45592.0,47553.0,47298.0,48720.0,50049.0
226,210051445,Mickleham - Yuroke,51676.0,55726.0,55042.0,52065.0,55278.0,56985.0
227,211011251,Bayswater,44736.0,47152.0,48405.0,49025.0,49782.0,51402.0
228,211011254,Knoxfield - Scoresby,46905.0,48689.0,50301.0,51216.0,52430.0,54481.0
229,211011255,Lysterfield,60318.0,62414.0,64145.0,65968.0,66994.0,68255.0
230,211011256,Rowville - Central,49158.0,50793.0,53825.0,54602.0,55374.0,56749.0
231,211011257,Rowville - North,51631.0,54030.0,56208.0,57360.0,57723.0,59156.0
232,211011258,Rowville - South,53378.0,55538.0,56744.0,57383.0,58505.0,60338.0
233,211011259,Wantirna,48380.0,50845.0,51885.0,52519.0,53131.0,53555.0
234,211011260,Wantirna South,50158.0,51696.0,53168.0,54449.0,56746.0,56448.0
235,211011446,Boronia,44976.0,46695.0,48237.0,49322.0,50385.0,51692.0
236,211011447,Ferntree Gully - North,45253.0,47593.0,48825.0,49880.0,50991.0,53218.0
237,211011448,Ferntree Gully (South) - Upper Ferntree Gully,46567.0,48027.0,49537.0,50991.0,52450.0,54103.0
238,211011449,The Basin,48619.0,50904.0,51129.0,51957.0,53884.0,57056.0
239,211021261,Donvale - Park Orchards,64722.0,66069.0,68951.0,71817.0,71993.0,73651.0
240,211021262,Warrandyte - Wonga Park,70957.0,74095.0,76165.0,77847.0,78959.0,80970.0
241,211031263,Bayswater North,47397.0,49461.0,51127.0,51776.0,53612.0,55062.0
242,211031265,Croydon Hills - Warranwood,53649.0,55926.0,57803.0,59091.0,60846.0,62295.0
243,211031266,Ringwood,47292.0,48976.0,51218.0,51438.0,52529.0,53644.0
244,211031267,Ringwood East,49501.0,51449.0,53089.0,54787.0,56319.0,57598.0
245,211031268,Ringwood North,54959.0,56306.0,57804.0,59624.0,61510.0,63355.0
246,211031450,Croydon - East,45114.0,47630.0,49286.0,50611.0,51900.0,53084.0
247,211031451,Croydon - West,46742.0,48643.0,50881.0,53598.0,54646.0,56081.0
248,211031452,Croydon South,46241.0,48836.0,50623.0,51444.0,52314.0,54613.0
249,211041269,Forest Hill,46475.0,48346.0,50118.0,51865.0,53047.0,54661.0
250,211041270,Mitcham (Vic.),51899.0,54323.0,56170.0,57919.0,58694.0,60800.0
251,211041271,Nunawading,49013.0,54303.0,52672.0,54845.0,56512.0,57596.0
252,211041272,Vermont,50660.0,51678.0,53759.0,55104.0,56209.0,58029.0
253,211041273,Vermont South,53200.0,54755.0,55675.0,57662.0,57297.0,57348.0
254,211051274,Belgrave - Selby,51823.0,52548.0,56827.0,57724.0,57829.0,60101.0
255,211051275,Chirnside Park,48876.0,50597.0,52005.0,52654.0,55582.0,56401.0
256,211051276,Healesville - Yarra Glen,44112.0,45973.0,47835.0,48648.0,50435.0,51926.0
257,211051277,Kilsyth,44291.0,45556.0,47447.0,48831.0,50555.0,52339.0
258,211051278,Lilydale - Coldstream,48089.0,50522.0,52146.0,53860.0,54572.0,56680.0
259,211051279,Monbulk - Silvan,44474.0,46331.0,48378.0,49821.0,51672.0,54301.0
260,211051280,Montrose,49416.0,52050.0,53788.0,56147.0,57433.0,57487.0
261,211051281,Mooroolbark,46592.0,48407.0,50190.0,51586.0,52451.0,54537.0
262,211051282,Mount Dandenong - Olinda,52965.0,54980.0,56057.0,57643.0,61502.0,62166.0
263,211051283,Mount Evelyn,45791.0,48138.0,49368.0,50432.0,51878.0,54262.0
264,211051284,Upwey - Tecoma,48041.0,50183.0,52680.0,53928.0,55757.0,57484.0
265,211051285,Wandin - Seville,46802.0,50425.0,50507.0,52672.0,54421.0,55506.0
266,211051286,Yarra Valley,41691.0,43363.0,45172.0,45089.0,46264.0,47804.0
267,212011289,Emerald - Cockatoo,50377.0,53243.0,54075.0,55906.0,57451.0,58802.0
268,212021293,Berwick - North,57089.0,56841.0,59054.0,60245.0,61253.0,62277.0
269,212021295,Doveton,35797.0,37326.0,38219.0,39454.0,40218.0,40422.0
270,212021297,Hallam,41792.0,44317.0,45587.0,44914.0,45954.0,46890.0
271,212021299,Narre Warren North,61022.0,64820.0,64414.0,66234.0,66626.0,68147.0
272,212021453,Endeavour Hills - North,45201.0,47693.0,49618.0,51039.0,52217.0,53409.0
273,212021454,Endeavour Hills - South,43677.0,45659.0,47001.0,48004.0,48526.0,50726.0
274,212021455,Narre Warren - North East,44661.0,46730.0,48316.0,49051.0,50283.0,51830.0
275,212021456,Narre Warren - South West,41944.0,43964.0,45488.0,46084.0,47266.0,48382.0
276,212031300,Cranbourne,42257.0,43391.0,44983.0,45305.0,46225.0,47212.0
277,212031303,Cranbourne South,51476.0,53388.0,53877.0,55209.0,57295.0,59079.0
278,212031304,Cranbourne West,41966.0,43922.0,46420.0,47553.0,49097.0,50282.0
279,212031306,Lynbrook - Lyndhurst,48796.0,49931.0,50899.0,52696.0,53291.0,54456.0
280,212031308,Pearcedale - Tooradin,46316.0,49641.0,49863.0,51341.0,52514.0,54312.0
281,212031457,Narre Warren South - East,50815.0,52751.0,54595.0,54772.0,55380.0,56948.0
282,212031458,Narre Warren South - West,45773.0,47240.0,48648.0,49193.0,50206.0,51744.0
283,212041309,Clarinda - Oakleigh South,44001.0,45839.0,47923.0,48417.0,49361.0,50894.0
284,212041310,Clayton South,38796.0,40444.0,42365.0,43179.0,43562.0,44841.0
285,212041312,Dandenong North,39658.0,41331.0,42893.0,43647.0,44792.0,45530.0
286,212041313,Dingley Village,50768.0,52974.0,54069.0,55057.0,55913.0,57114.0
287,212041316,Noble Park North,40887.0,42711.0,44624.0,44934.0,45570.0,46360.0
288,212041317,Springvale,34444.0,36382.0,37805.0,38965.0,39915.0,40075.0
289,212041318,Springvale South,37104.0,38269.0,39249.0,40109.0,41277.0,42129.0
290,212041459,Noble Park - East,37363.0,39462.0,41305.0,42086.0,42447.0,43805.0
291,212041460,Noble Park - West,36592.0,37790.0,39454.0,40202.0,40769.0,41938.0
292,212051319,Ashwood - Chadstone,50539.0,52994.0,55781.0,56494.0,57887.0,59966.0
293,212051321,Glen Waverley - East,50802.0,52770.0,54371.0,56181.0,57308.0,57578.0
294,212051322,Glen Waverley - West,47824.0,49669.0,52032.0,53771.0,54943.0,55974.0
295,212051323,Mount Waverley - North,52513.0,54968.0,57360.0,59390.0,60437.0,61627.0
296,212051324,Mount Waverley - South,51599.0,54589.0,57259.0,58549.0,60098.0,61544.0
297,212051325,Mulgrave,47678.0,49837.0,52206.0,53413.0,54180.0,56306.0
298,212051326,Oakleigh - Huntingdale,47966.0,50414.0,52561.0,54252.0,55850.0,57566.0
299,212051327,Wheelers Hill,56987.0,58925.0,61070.0,61619.0,63295.0,64261.0
300,213011328,Ardeer - Albion,38903.0,41377.0,42635.0,42814.0,44318.0,45369.0
301,213011329,Cairnlea,45685.0,47665.0,49575.0,50440.0,50221.0,51356.0
302,213011331,Delahey,42100.0,43188.0,44225.0,45223.0,46129.0,46682.0
303,213011332,Keilor Downs,44834.0,46619.0,47747.0,49133.0,50040.0,51526.0
304,213011333,Kings Park (Vic.),38801.0,40203.0,41666.0,42194.0,43171.0,43746.0
305,213011334,St Albans - North,36741.0,38432.0,39255.0,40024.0,40164.0,41248.0
306,213011335,St Albans - South,36824.0,38481.0,39769.0,39800.0,40201.0,40985.0
307,213011336,Sunshine,39412.0,41244.0,42997.0,43701.0,44873.0,45577.0
308,213011337,Sunshine North,38320.0,39925.0,40835.0,41048.0,42069.0,43411.0
309,213011338,Sunshine West,39714.0,41769.0,43589.0,43523.0,44511.0,45099.0
310,213011339,Sydenham,44960.0,47182.0,48485.0,48842.0,49907.0,50975.0
311,213011340,Taylors Lakes,49354.0,51466.0,53019.0,54819.0,56362.0,57854.0
312,213021341,Altona,51245.0,53651.0,56677.0,58832.0,60523.0,63487.0
313,213021342,Altona Meadows,45589.0,47895.0,49950.0,51047.0,52065.0,53879.0
314,213021343,Altona North,46386.0,49073.0,51067.0,51367.0,53867.0,56631.0
315,213021344,Newport,60778.0,64056.0,66402.0,69088.0,72132.0,75204.0
316,213021345,Seabrook,48711.0,52017.0,52420.0,53181.0,54966.0,56983.0
317,213021346,Williamstown,71487.0,74167.0,77761.0,79946.0,82819.0,85094.0
318,213031347,Braybrook,41164.0,43181.0,46129.0,46384.0,47351.0,48696.0
319,213031348,Footscray,42600.0,45491.0,46902.0,48180.0,49954.0,50887.0
320,213031349,Maribyrnong,54310.0,57558.0,59017.0,59733.0,61104.0,62096.0
321,213031350,Seddon - Kingsville,57518.0,59896.0,61714.0,63637.0,65726.0,68694.0
322,213031351,West Footscray - Tottenham,46517.0,48643.0,51242.0,52318.0,53792.0,55182.0
323,213031352,Yarraville,60265.0,63528.0,66799.0,68348.0,70906.0,73604.0
324,213041353,Bacchus Marsh,49217.0,51644.0,54245.0,54730.0,56788.0,57892.0
325,213041358,Melton West,45941.0,47514.0,49033.0,49871.0,50588.0,52062.0
326,213041359,Rockbank - Mount Cottrell,43594.0,44270.0,46831.0,46375.0,44269.0,45895.0
327,213041360,Taylors Hill,49507.0,51766.0,53770.0,54798.0,55529.0,57623.0
328,213041461,Burnside,45363.0,47044.0,48354.0,49080.0,50131.0,51799.0
329,213041462,Burnside Heights,48117.0,49599.0,51727.0,52702.0,53845.0,55035.0
330,213041463,Caroline Springs,51865.0,54265.0,56301.0,56616.0,58065.0,60033.0
331,213051361,Hoppers Crossing - North,47326.0,49067.0,50554.0,51032.0,51837.0,52778.0
332,213051362,Hoppers Crossing - South,45606.0,47172.0,48087.0,48482.0,48852.0,49584.0
333,213051363,Laverton,41988.0,44954.0,48546.0,49498.0,51350.0,53119.0
334,213051368,Werribee - South,48916.0,50479.0,51657.0,53289.0,55336.0,56628.0
335,213051464,Point Cook - East,66183.0,65838.0,66635.0,67262.0,67822.0,67389.0
336,213051466,Point Cook - South,55538.0,57345.0,59306.0,59431.0,61249.0,62959.0
337,213051467,Werribee - East,44140.0,45339.0,47258.0,47967.0,48046.0,48847.0
338,213051468,Werribee - West,50010.0,52142.0,54887.0,55025.0,56662.0,56575.0
339,214011370,Carrum Downs,44115.0,45512.0,47380.0,47867.0,49477.0,50904.0
340,214011371,Frankston,43231.0,44700.0,45871.0,47278.0,48821.0,50154.0
341,214011372,Frankston North,38817.0,40385.0,42244.0,43418.0,44485.0,46156.0
342,214011373,Frankston South,51615.0,53503.0,55559.0,56335.0,58368.0,60479.0
343,214011374,Langwarrin,48210.0,50407.0,51808.0,52681.0,54106.0,56491.0
344,214011375,Seaford (Vic.),43870.0,45821.0,47199.0,49147.0,51114.0,52799.0
345,214011376,Skye - Sandhurst,51490.0,54278.0,55979.0,57690.0,58985.0,60865.0
346,214021377,Dromana,42105.0,46850.0,47982.0,49683.0,51660.0,53257.0
347,214021378,Flinders,60621.0,63789.0,70856.0,66490.0,71278.0,72129.0
348,214021379,Hastings - Somers,44494.0,46683.0,47392.0,49479.0,50661.0,52497.0
349,214021381,Mount Eliza,65657.0,67975.0,71257.0,75347.0,76527.0,80314.0
350,214021382,Mount Martha,54014.0,56175.0,57705.0,60186.0,62304.0,65677.0
351,214021383,Point Nepean,45563.0,47878.0,49674.0,51972.0,52866.0,57056.0
352,214021384,Rosebud - McCrae,37547.0,39580.0,41055.0,42342.0,43618.0,44985.0
353,214021385,Somerville,47028.0,49251.0,50784.0,51687.0,53264.0,55030.0
354,215011386,Ararat,40239.0,41364.0,42910.0,44165.0,45508.0,46667.0
355,215011387,Ararat Surrounds,39508.0,41941.0,43026.0,47845.0,46190.0,43248.0
356,215011388,Horsham,42487.0,44525.0,46660.0,48541.0,48234.0,48270.0
357,215011389,Horsham Surrounds,43308.0,42724.0,48852.0,53622.0,41665.0,34273.0
358,215011390,Nhill Region,45351.0,42365.0,44483.0,52304.0,47671.0,37437.0
359,215011391,St Arnaud,38317.0,39751.0,40199.0,41805.0,41146.0,38690.0
360,215011392,Stawell,41163.0,43445.0,43786.0,44953.0,45332.0,45445.0
361,215011393,West Wimmera,40482.0,39401.0,38588.0,40470.0,41891.0,43613.0
362,215011394,Yarriambiack,49209.0,46367.0,52964.0,53491.0,40333.0,38594.0
363,215021395,Irymple,39480.0,43666.0,46367.0,47422.0,49328.0,52071.0
364,215021396,Merbein,35602.0,37943.0,39557.0,41105.0,42870.0,44622.0
365,215021398,Mildura Surrounds,44477.0,38865.0,37101.0,39143.0,45703.0,45361.0
366,215021399,Red Cliffs,34504.0,37235.0,40200.0,41675.0,42376.0,42842.0
367,215021469,Mildura - North,40750.0,42766.0,44781.0,45885.0,46733.0,47607.0
368,215021470,Mildura - South,40450.0,43470.0,45256.0,46976.0,47662.0,49379.0
369,215031400,Buloke,39737.0,40314.0,45288.0,42337.0,35217.0,34389.0
370,215031401,Gannawarra,35359.0,38548.0,40112.0,42508.0,42241.0,40336.0
371,215031402,Kerang,33496.0,36066.0,37777.0,39225.0,41104.0,40481.0
372,215031403,Robinvale,37375.0,39786.0,41721.0,42515.0,42545.0,50750.0
373,215031404,Swan Hill,42099.0,45580.0,47147.0,48074.0,47781.0,48445.0
374,215031405,Swan Hill Surrounds,39204.0,40087.0,43040.0,43231.0,44924.0,43380.0
375,216011406,Echuca,41975.0,44672.0,46212.0,47640.0,49893.0,49745.0
376,216011407,Kyabram,36567.0,39679.0,39149.0,42390.0,43292.0,42824.0
377,216011408,Lockington - Gunbower,34143.0,38508.0,38682.0,44242.0,44128.0,41334.0
378,216011409,Rochester,39076.0,44101.0,44121.0,46407.0,48841.0,44881.0
379,216011410,Rushworth,33600.0,35703.0,36385.0,39750.0,42355.0,39370.0
380,216021411,Cobram,38724.0,40774.0,42150.0,44662.0,47091.0,48271.0
381,216021412,Moira,40052.0,36076.0,43121.0,43259.0,45237.0,41955.0
382,216021413,Numurkah,34444.0,38126.0,38269.0,41703.0,43995.0,41316.0
383,216021414,Yarrawonga,39960.0,42769.0,43621.0,46131.0,46270.0,46072.0
384,216031415,Mooroopna,38353.0,41042.0,41694.0,42984.0,44280.0,45198.0
385,216031416,Shepparton - North,45434.0,46875.0,48366.0,50098.0,52266.0,52861.0
386,216031418,Shepparton Surrounds - East,38776.0,40436.0,43632.0,44865.0,46452.0,46919.0
387,216031419,Shepparton Surrounds - West,37517.0,40447.0,41168.0,42393.0,44297.0,44486.0
388,217011420,Glenelg (Vic.),43072.0,43548.0,40206.0,43503.0,47358.0,49529.0
389,217011421,Hamilton (Vic.),43067.0,45139.0,44957.0,45075.0,47235.0,47314.0
390,217011422,Portland,46398.0,49852.0,50494.0,52280.0,53675.0,53527.0
391,217011423,Southern Grampians,45736.0,43695.0,34943.0,40690.0,43794.0,45457.0
392,217031471,Camperdown,40780.0,42804.0,41278.0,43711.0,45936.0,45498.0
393,217031472,Colac,40770.0,42540.0,43778.0,45283.0,46272.0,47905.0
394,217031473,Colac Surrounds,39091.0,40525.0,37256.0,42864.0,44288.0,43107.0
395,217031474,Corangamite - North,38786.0,40241.0,38161.0,45552.0,47190.0,44881.0
396,217031475,Corangamite - South,42169.0,42591.0,34958.0,47817.0,47810.0,43207.0
397,217031476,Otway,37228.0,39331.0,36936.0,39769.0,40640.0,42426.0
398,217041477,Moyne - East,45363.0,43776.0,37883.0,46722.0,48627.0,47031.0
399,217041478,Moyne - West,43642.0,43420.0,42511.0,46053.0,48280.0,50307.0
400,217041479,Warrnambool - North,44366.0,45989.0,46934.0,48440.0,50513.0,50939.0
401,217041480,Warrnambool - South,45905.0,47794.0,48726.0,50544.0,50663.0,50965.0
